a = -1.0090838562081268 +- 0.006903409625634226

b = 6.071382393439187 +- 0.04647049852054186

chi2 = 12.070541964671925

chi2_reduced = 2.414108392934385
