a = 1.949492266980475 +- 0.03476997183089498

b = 3.468260853182734 +- 0.25458299307358334

chi2 = 6.290382056960006

chi2_reduced = 1.258076411392001
